epoch,categorical_accuracy,loss,val_categorical_accuracy,val_loss
0,0.49857550859451294,1.0423606634140015,0.6949999928474426,0.774394154548645
1,0.6695156693458557,0.795312762260437,0.7549999952316284,0.678971529006958
2,0.6837607026100159,0.7304204702377319,0.6700000166893005,0.6792647838592529
3,0.7507122755050659,0.6369203925132751,0.7599999904632568,0.5504751205444336
4,0.7749287486076355,0.5496068596839905,0.8050000071525574,0.5070501565933228
5,0.7834757566452026,0.524664580821991,0.7300000190734863,0.5992796421051025
6,0.8148148059844971,0.49303051829338074,0.8450000286102295,0.45953938364982605
7,0.8461538553237915,0.41798242926597595,0.9049999713897705,0.4434090554714203
8,0.8461538553237915,0.4175168573856354,0.8700000047683716,0.40485304594039917
9,0.8760683536529541,0.33755889534950256,0.9200000166893005,0.35048386454582214
10,0.8717948794364929,0.3469139039516449,0.8650000095367432,0.36342862248420715
11,0.8888888955116272,0.30707281827926636,0.8999999761581421,0.3529755473136902
12,0.8888888955116272,0.30171555280685425,0.8899999856948853,0.293142706155777
13,0.9074074029922485,0.2570436894893646,0.8700000047683716,0.3026435375213623
14,0.9159544110298157,0.23528480529785156,0.9100000262260437,0.28008630871772766
15,0.9287749528884888,0.22304436564445496,0.925000011920929,0.3142548203468323
16,0.9259259104728699,0.21884463727474213,0.9049999713897705,0.2865130305290222
17,0.945868968963623,0.1760988086462021,0.9300000071525574,0.2284795045852661
18,0.9316239356994629,0.18874701857566833,0.8949999809265137,0.25106820464134216
19,0.9501424431800842,0.1446027308702469,0.9350000023841858,0.21497495472431183
20,0.9572649598121643,0.13876627385616302,0.8999999761581421,0.26539796590805054
21,0.9615384340286255,0.13028660416603088,0.8600000143051147,0.3000028133392334
22,0.9572649598121643,0.12597474455833435,0.9300000071525574,0.2655460834503174
23,0.9686609506607056,0.09143983572721481,0.9200000166893005,0.18780308961868286
24,0.9729344844818115,0.08874243497848511,0.9100000262260437,0.21826709806919098
25,0.9715099930763245,0.0903366357088089,0.9399999976158142,0.18538564443588257
26,0.9800570011138916,0.0621512308716774,0.9350000023841858,0.24600094556808472
27,0.9814814925193787,0.0604797825217247,0.9449999928474426,0.19309484958648682
28,0.9800570011138916,0.0587957426905632,0.9300000071525574,0.17895664274692535
29,0.9814814925193787,0.06376226991415024,0.925000011920929,0.19848550856113434
30,0.9857549667358398,0.04806898534297943,0.925000011920929,0.30510178208351135
31,0.9900285005569458,0.04368958622217178,0.9350000023841858,0.19946086406707764
32,0.9985755085945129,0.03222064673900604,0.9449999928474426,0.18915659189224243
33,0.994301974773407,0.030224189162254333,0.949999988079071,0.1632407009601593
34,0.994301974773407,0.029506197199225426,0.925000011920929,0.24492324888706207
35,0.9971510171890259,0.023483535274863243,0.9350000023841858,0.1959162950515747
36,0.9971510171890259,0.01881074160337448,0.925000011920929,0.2671803832054138
37,0.9985755085945129,0.020765570923686028,0.9300000071525574,0.20576836168766022
38,1.0,0.014468615874648094,0.949999988079071,0.17983901500701904
39,1.0,0.016152404248714447,0.9200000166893005,0.2999296486377716
40,0.9985755085945129,0.015630021691322327,0.9100000262260437,0.3102377653121948
41,1.0,0.01083309669047594,0.949999988079071,0.14723479747772217
42,0.9985755085945129,0.01172611303627491,0.9350000023841858,0.27651727199554443
43,1.0,0.01369268074631691,0.9449999928474426,0.2111668735742569
44,0.9985755085945129,0.013435517437756062,0.9300000071525574,0.20113489031791687
45,1.0,0.009787142276763916,0.9300000071525574,0.3331918716430664
46,0.9985755085945129,0.01170000247657299,0.9300000071525574,0.17013728618621826
47,1.0,0.009272119961678982,0.9449999928474426,0.2195286750793457
48,1.0,0.009774908423423767,0.9399999976158142,0.2217826396226883
49,1.0,0.009234221652150154,0.9350000023841858,0.23499350249767303
50,1.0,0.010162279941141605,0.9300000071525574,0.2700555622577667
51,1.0,0.008890233933925629,0.9300000071525574,0.24562960863113403
52,1.0,0.008855020627379417,0.9449999928474426,0.16163499653339386
53,1.0,0.009207131341099739,0.9350000023841858,0.2796657085418701
54,1.0,0.007374692242592573,0.9300000071525574,0.25363194942474365
55,1.0,0.008388575166463852,0.9399999976158142,0.2385604977607727
56,1.0,0.007261747028678656,0.9350000023841858,0.23621313273906708
