epoch,loss,val_loss
0,0.710442066192627,0.40515151619911194
1,0.30714941024780273,0.2848956286907196
2,0.23840919137001038,0.202928364276886
3,0.2224588245153427,0.19319279491901398
4,0.22011487185955048,0.18437692523002625
5,0.1933640092611313,0.27459850907325745
6,0.17252016067504883,0.13103324174880981
7,0.15819057822227478,0.16062498092651367
8,0.1465996652841568,0.15860788524150848
9,0.1285078376531601,0.11194589734077454
10,0.13647645711898804,0.13665303587913513
11,0.1111234799027443,0.11747507005929947
12,0.11278251558542252,0.10140234231948853
13,0.09542086720466614,0.11191470921039581
14,0.10677969455718994,0.08988938480615616
15,0.0808301717042923,0.1084846556186676
16,0.08335567265748978,0.17606285214424133
17,0.07971933484077454,0.08730784803628922
18,0.08213049918413162,0.10482142120599747
19,0.06109873577952385,0.07696786522865295
20,0.0599546916782856,0.09933078289031982
21,0.06682134419679642,0.0865018367767334
22,0.05207483470439911,0.09035750478506088
23,0.055779486894607544,0.07080923765897751
24,0.05306478217244148,0.06370510905981064
25,0.052953675389289856,0.07983768731355667
26,0.053273774683475494,0.05524633824825287
27,0.043359752744436264,0.05943851172924042
28,0.04780498147010803,0.058343127369880676
29,0.03909314051270485,0.07181014865636826
30,0.036265209317207336,0.054727163165807724
31,0.03212420269846916,0.04498878866434097
32,0.034549254924058914,0.0533168651163578
33,0.04780183732509613,0.14865314960479736
34,0.03184856101870537,0.06036541983485222
35,0.029661815613508224,0.06478726118803024
36,0.024758562445640564,0.04355979338288307
37,0.03863833099603653,0.11018504202365875
38,0.029227057471871376,0.06763101369142532
39,0.03712550178170204,0.053087349981069565
40,0.026987919583916664,0.06007562577724457
41,0.02569117583334446,0.0708230584859848
42,0.01642276905477047,0.050419848412275314
43,0.014394031837582588,0.037198685109615326
44,0.014961006119847298,0.06311406195163727
45,0.009653963148593903,0.04401812329888344
46,0.014456046745181084,0.0368502177298069
47,0.010135915130376816,0.052765704691410065
48,0.011702549643814564,0.027528513222932816
49,0.01103037130087614,0.04009108245372772
50,0.01234268769621849,0.03691038861870766
51,0.01220326405018568,0.023135829716920853
52,0.008643402718007565,0.03566126152873039
53,0.010076669976115227,0.039240527898073196
54,0.007038721814751625,0.02160937339067459
55,0.0069370875135064125,0.026070818305015564
56,0.011012455448508263,0.03179112821817398
57,0.0056192451156675816,0.06890322268009186
58,0.010310962796211243,0.027310749515891075
59,0.005538184195756912,0.028410078957676888
60,0.0036784294061362743,0.0284019373357296
61,0.0035779925528913736,0.025140121579170227
62,0.005491689778864384,0.033583689481019974
63,0.0033105742186307907,0.03395155817270279
64,0.003554576076567173,0.02807614952325821
65,0.00301838805899024,0.02752762660384178
66,0.0037881520111113787,0.02770591527223587
67,0.002812157152220607,0.02886549010872841
68,0.0029609999619424343,0.029241764917969704
69,0.00244706217199564,0.024358388036489487
70,0.003092204686254263,0.03288139030337334
71,0.002290927805006504,0.020043738186359406
72,0.0020750330295413733,0.026598036289215088
73,0.003166481386870146,0.030197761952877045
74,0.0030780613888055086,0.02513832598924637
75,0.0022980321664363146,0.03409777209162712
76,0.0015367500018328428,0.023297714069485664
77,0.002376850927248597,0.02951188199222088
78,0.0023594279773533344,0.025534896180033684
79,0.0019826223142445087,0.03194597363471985
80,0.0020812791772186756,0.022642353549599648
81,0.0021965005435049534,0.012088350020349026
82,0.002388551365584135,0.027062244713306427
83,0.0019187061116099358,0.04615747183561325
84,0.002114891540259123,0.016129523515701294
85,0.002032271819189191,0.014598067849874496
86,0.001987123629078269,0.03499102592468262
87,0.002268742537125945,0.031245488673448563
88,0.0020487913861870766,0.024193765595555305
89,0.0018532254034653306,0.029952995479106903
90,0.002025865949690342,0.023789415135979652
91,0.002227983670309186,0.015483221039175987
92,0.0018105539493262768,0.03935835510492325
93,0.0018238457851111889,0.01550937071442604
94,0.0019260538974776864,0.036450210958719254
95,0.0022199649829417467,0.019538773223757744
96,0.002023878274485469,0.032895155251026154
97,0.001850230386480689,0.017972975969314575
98,0.002043765503913164,0.026787377893924713
99,0.0017364888917654753,0.02596651017665863
100,0.0018323269905522466,0.025503020733594894
101,0.001625227159820497,0.024980368092656136
