epoch,categorical_accuracy,loss,val_categorical_accuracy,val_loss
0,0.4615384638309479,1.0180963277816772,0.38999998569488525,1.0477608442306519
1,0.6239316463470459,0.8344863057136536,0.6800000071525574,0.7203323841094971
2,0.6823362112045288,0.7325999140739441,0.6299999952316284,0.7522329688072205
3,0.7094017267227173,0.6610510945320129,0.7950000166893005,0.5549184679985046
4,0.7606837749481201,0.5883837342262268,0.8149999976158142,0.49878963828086853
5,0.7849003076553345,0.5291472673416138,0.8550000190734863,0.4949343502521515
6,0.8447293639183044,0.44931814074516296,0.7599999904632568,0.43991032242774963
7,0.8632478713989258,0.4033374786376953,0.8450000286102295,0.3637007474899292
8,0.8618233799934387,0.3855283856391907,0.925000011920929,0.2967281937599182
9,0.87321937084198,0.3164014220237732,0.8600000143051147,0.3613209128379822
10,0.8917378783226013,0.287122905254364,0.8650000095367432,0.29777753353118896
11,0.8774929046630859,0.2962671220302582,0.925000011920929,0.2725788950920105
12,0.9031339287757874,0.2646821141242981,0.8650000095367432,0.27624112367630005
13,0.9116809368133545,0.2466275691986084,0.8899999856948853,0.24680383503437042
14,0.9259259104728699,0.1930091232061386,0.9449999928474426,0.17554335296154022
15,0.9202279448509216,0.19687174260616302,0.9449999928474426,0.20923268795013428
16,0.9444444179534912,0.17365582287311554,0.9350000023841858,0.17867495119571686
17,0.9202279448509216,0.1958242803812027,0.9549999833106995,0.17452484369277954
18,0.9544159770011902,0.1400674432516098,0.949999988079071,0.17596952617168427
19,0.9287749528884888,0.17600835859775543,0.9399999976158142,0.16089263558387756
20,0.9615384340286255,0.12286897748708725,0.9399999976158142,0.20274637639522552
21,0.9729344844818115,0.10421053320169449,0.9399999976158142,0.15987657010555267
22,0.9757834672927856,0.08559998124837875,0.949999988079071,0.18176740407943726
23,0.9586894512176514,0.1156817302107811,0.9449999928474426,0.15623816847801208
24,0.9643874764442444,0.09960735589265823,0.949999988079071,0.13100019097328186
25,0.9444444179534912,0.13260018825531006,0.9200000166893005,0.22214193642139435
26,0.9672364592552185,0.08763295412063599,0.9599999785423279,0.13217055797576904
27,0.9772079586982727,0.07418961077928543,0.9399999976158142,0.2028077095746994
28,0.9871794581413269,0.04607827588915825,0.9599999785423279,0.13009248673915863
29,0.995726466178894,0.03432799503207207,0.9449999928474426,0.11913833767175674
30,0.994301974773407,0.026798827573657036,0.9549999833106995,0.10363006591796875
31,0.9843304753303528,0.03964357450604439,0.9399999976158142,0.13410425186157227
32,0.995726466178894,0.032979462295770645,0.9549999833106995,0.1582193523645401
33,0.9857549667358398,0.04712633416056633,0.949999988079071,0.13920406997203827
34,0.9971510171890259,0.0215150099247694,0.9399999976158142,0.12222903966903687
35,1.0,0.015278446488082409,0.9399999976158142,0.1711878627538681
36,1.0,0.014140589162707329,0.9649999737739563,0.10082899779081345
37,1.0,0.014624391682446003,0.9300000071525574,0.17549918591976166
38,0.9971510171890259,0.01428073737770319,0.9399999976158142,0.12104204297065735
39,1.0,0.013918212614953518,0.9399999976158142,0.16012130677700043
40,0.9985755085945129,0.012443847954273224,0.9300000071525574,0.16380037367343903
41,0.9985755085945129,0.011385725811123848,0.9350000023841858,0.14617164433002472
42,1.0,0.009980998933315277,0.9399999976158142,0.1708051860332489
43,1.0,0.01017457153648138,0.9399999976158142,0.11647871136665344
44,1.0,0.009539099410176277,0.9599999785423279,0.1020175963640213
45,1.0,0.009454893879592419,0.925000011920929,0.16117356717586517
46,1.0,0.007582670543342829,0.949999988079071,0.13268567621707916
47,1.0,0.006810515187680721,0.9399999976158142,0.15166525542736053
48,1.0,0.007093397434800863,0.9300000071525574,0.16545799374580383
49,0.9985755085945129,0.009257357567548752,0.9399999976158142,0.15204273164272308
50,1.0,0.006476725451648235,0.9449999928474426,0.11676924675703049
51,1.0,0.00833485834300518,0.9549999833106995,0.11280717700719833
0,0.545325756072998,0.958838939666748,0.7093023061752319,0.5818761587142944
1,0.7152974605560303,0.6724231839179993,0.6744186282157898,0.8085470199584961
2,0.779036819934845,0.5396931171417236,0.604651153087616,0.8127756118774414
3,0.8031161427497864,0.49025219678878784,0.6395348906517029,0.6972291469573975
4,0.8753541111946106,0.3781091272830963,0.7325581312179565,0.5908772945404053
5,0.8895184397697449,0.32024285197257996,0.6976743936538696,0.831142246723175
6,0.9291784763336182,0.2181553989648819,0.6627907156944275,0.9504165649414062
7,0.9433428049087524,0.1915235072374344,0.6976743936538696,0.5918453335762024
8,0.9461756348609924,0.16315194964408875,0.6976743936538696,0.7624917030334473
9,0.954674243927002,0.15517571568489075,0.6976743936538696,0.6121596097946167
10,0.9475920796394348,0.13730590045452118,0.7790697813034058,0.6532096266746521
11,0.9674220681190491,0.1119934618473053,0.7093023061752319,0.7256781458854675
12,0.9730878472328186,0.10043414682149887,0.6860465407371521,0.7903926968574524
13,0.9716714024543762,0.09656030684709549,0.8488371968269348,0.5056028366088867
14,0.9759206771850586,0.08857918530702591,0.7209302186965942,0.7985645532608032
15,0.9787535667419434,0.08388172835111618,0.7790697813034058,0.6691194772720337
16,0.977337121963501,0.07656798511743546,0.7674418687820435,0.7767637372016907
17,0.980169951915741,0.07534830272197723,0.7441860437393188,0.8491581082344055
18,0.9872521162033081,0.06396568566560745,0.8023256063461304,0.571994960308075
19,0.9929178357124329,0.05190974473953247,0.7674418687820435,0.7907860279083252
20,0.9915013909339905,0.049480412155389786,0.7325581312179565,0.7788537740707397
21,0.9900850057601929,0.052225999534130096,0.8604651093482971,0.47780224680900574
22,0.9943342804908752,0.04615132510662079,0.6511628031730652,1.0058234930038452
23,0.9943342804908752,0.04439479857683182,0.7674418687820435,0.8924840688705444
24,0.9929178357124329,0.04437047988176346,0.7558139562606812,0.6723719835281372
25,0.9929178357124329,0.04250846803188324,0.7790697813034058,0.7421908378601074
26,0.9900850057601929,0.04295125976204872,0.7209302186965942,0.9373170733451843
27,0.9957507252693176,0.03417409583926201,0.7441860437393188,0.6005037426948547
28,0.9985835552215576,0.03521648794412613,0.7906976938247681,0.8537284731864929
29,0.9985835552215576,0.033419571816921234,0.7558139562606812,0.9213558435440063
30,0.9943342804908752,0.034183986485004425,0.7441860437393188,0.6028974652290344
31,0.9971671104431152,0.03145771101117134,0.7325581312179565,0.960594892501831
32,0.9985835552215576,0.02689197286963463,0.7325581312179565,0.980505108833313
33,0.9957507252693176,0.028662171214818954,0.7790697813034058,0.650934100151062
34,0.9985835552215576,0.028580695390701294,0.7674418687820435,0.7677165269851685
35,0.9985835552215576,0.025030333548784256,0.7325581312179565,0.8082839846611023
36,0.9985835552215576,0.02671203203499317,0.7441860437393188,0.9030196666717529
37,0.9957507252693176,0.025003068149089813,0.7441860437393188,0.799863338470459
38,0.9971671104431152,0.025991102680563927,0.8139534592628479,0.8474413156509399
39,0.9985835552215576,0.02282562665641308,0.7325581312179565,0.8129243850708008
40,0.9985835552215576,0.025248298421502113,0.7441860437393188,0.8013956546783447
41,0.9985835552215576,0.027805998921394348,0.7790697813034058,0.7223336696624756
