epoch,categorical_accuracy,loss,val_categorical_accuracy,val_loss
0,0.497863233089447,0.7041690945625305,0.43283581733703613,0.7333093881607056
1,0.5833333134651184,0.6671875715255737,0.43283581733703613,0.6989743113517761
2,0.6153846383094788,0.6580663323402405,0.6791045069694519,0.6384168863296509
3,0.6474359035491943,0.629305362701416,0.8134328126907349,0.6245474219322205
4,0.6944444179534912,0.6110791563987732,0.7761194109916687,0.5999520421028137
5,0.752136766910553,0.5850018262863159,0.7835820913314819,0.5576238036155701
6,0.747863233089447,0.5507045388221741,0.7388059496879578,0.5672357678413391
7,0.75,0.5271105766296387,0.6940298676490784,0.5663073062896729
8,0.7820512652397156,0.49025657773017883,0.7910447716712952,0.5338366031646729
9,0.7777777910232544,0.48725220561027527,0.858208954334259,0.45343443751335144
10,0.7948718070983887,0.4603711664676666,0.7313432693481445,0.5373128652572632
11,0.7948718070983887,0.4515649378299713,0.8208954930305481,0.4499514400959015
12,0.8034188151359558,0.43419572710990906,0.8358209133148193,0.4724859595298767
13,0.807692289352417,0.42098504304885864,0.7910447716712952,0.48693060874938965
14,0.7927350401878357,0.43802475929260254,0.7761194109916687,0.4953731596469879
15,0.8269230723381042,0.4024220407009125,0.7835820913314819,0.4662097990512848
16,0.8162392973899841,0.3895706236362457,0.8358209133148193,0.41782501339912415
17,0.8226495981216431,0.4019341766834259,0.8507462739944458,0.41284024715423584
18,0.8162392973899841,0.406779408454895,0.8208954930305481,0.4470667541027069
19,0.7991452813148499,0.4019186496734619,0.7611940503120422,0.49425023794174194
20,0.8461538553237915,0.38051754236221313,0.8283582329750061,0.420745313167572
21,0.807692289352417,0.4013983905315399,0.7835820913314819,0.45938464999198914
22,0.8397436141967773,0.387935608625412,0.8507462739944458,0.38897013664245605
23,0.8333333134651184,0.3640505075454712,0.8432835936546326,0.4648659825325012
24,0.8290598392486572,0.3937441110610962,0.8507462739944458,0.3938015103340149
25,0.8226495981216431,0.3803403377532959,0.8059701323509216,0.4695189893245697
26,0.8418803215026855,0.38353750109672546,0.7686567306518555,0.4772445261478424
27,0.8311966061592102,0.374606192111969,0.8134328126907349,0.4245496690273285
28,0.8333333134651184,0.37656304240226746,0.7761194109916687,0.4548044800758362
29,0.8290598392486572,0.38555338978767395,0.7985074520111084,0.42194274067878723
30,0.8418803215026855,0.3667663633823395,0.7761194109916687,0.4525097608566284
31,0.8311966061592102,0.36781495809555054,0.8432835936546326,0.43106609582901
32,0.8333333134651184,0.3704010844230652,0.8059701323509216,0.4433000385761261
33,0.8354700803756714,0.36781343817710876,0.8358209133148193,0.4309663474559784
34,0.8290598392486572,0.3759300410747528,0.7985074520111084,0.4358940124511719
35,0.8141025900840759,0.3882242739200592,0.7910447716712952,0.44478464126586914
36,0.8333333134651184,0.3549468517303467,0.7910447716712952,0.43916770815849304
37,0.8162392973899841,0.3691779673099518,0.8358209133148193,0.43822959065437317
