epoch,categorical_accuracy,loss,val_categorical_accuracy,val_loss
0,0.5491452813148499,0.7236475348472595,0.41791045665740967,0.712081253528595
1,0.5491452813148499,0.6990698575973511,0.6865671873092651,0.6704588532447815
2,0.5747863054275513,0.6831271052360535,0.6567164063453674,0.667059063911438
3,0.5854700803756714,0.6654058694839478,0.48507463932037354,0.6842139363288879
4,0.6025640964508057,0.656802237033844,0.7014925479888916,0.6133229732513428
5,0.6132478713989258,0.6276105046272278,0.5671641826629639,0.7072193026542664
6,0.6303418874740601,0.6478071212768555,0.6940298676490784,0.6041993498802185
7,0.6773504018783569,0.6078840494155884,0.5522388219833374,0.7071712017059326
8,0.6602563858032227,0.6149048805236816,0.6492537260055542,0.6217746138572693
9,0.6581196784973145,0.5956642627716064,0.7761194109916687,0.5573133826255798
10,0.6752136945724487,0.5795813202857971,0.6791045069694519,0.6732872724533081
11,0.7072649598121643,0.5813021063804626,0.6641790866851807,0.6198292970657349
12,0.7243589758872986,0.5620012879371643,0.7686567306518555,0.5728369951248169
13,0.752136766910553,0.5468579530715942,0.6940298676490784,0.5696238279342651
14,0.7393162250518799,0.5411514639854431,0.7164179086685181,0.6017574071884155
15,0.747863233089447,0.5365092754364014,0.753731369972229,0.5128114223480225
16,0.7564102411270142,0.515527606010437,0.7761194109916687,0.5382551550865173
17,0.745726466178894,0.5316091179847717,0.7388059496879578,0.543489933013916
18,0.7692307829856873,0.5080336928367615,0.7388059496879578,0.534953236579895
19,0.7905982732772827,0.4971367418766022,0.7313432693481445,0.5271145105361938
20,0.7564102411270142,0.5051395297050476,0.7910447716712952,0.4921776056289673
21,0.7948718070983887,0.4767909049987793,0.753731369972229,0.529030978679657
22,0.8141025900840759,0.46774712204933167,0.7611940503120422,0.47856396436691284
23,0.7670940160751343,0.4716993272304535,0.6641790866851807,0.6074562668800354
24,0.7820512652397156,0.467764675617218,0.6716417670249939,0.5843759775161743
25,0.807692289352417,0.4448210895061493,0.7686567306518555,0.499067097902298
26,0.811965823173523,0.4387487471103668,0.8208954930305481,0.47326400876045227
27,0.8162392973899841,0.4418097734451294,0.753731369972229,0.4941381812095642
28,0.8226495981216431,0.4145295321941376,0.7686567306518555,0.48533010482788086
29,0.80982905626297,0.4195985198020935,0.8208954930305481,0.4086698293685913
30,0.8418803215026855,0.39909419417381287,0.8134328126907349,0.4943074584007263
31,0.8311966061592102,0.3865920305252075,0.7985074520111084,0.47895926237106323
32,0.8632478713989258,0.3755454123020172,0.8432835936546326,0.4185819923877716
33,0.8376068472862244,0.39600613713264465,0.8358209133148193,0.42357805371284485
34,0.8568376302719116,0.37893518805503845,0.8208954930305481,0.4155591130256653
35,0.8547008633613586,0.3693588376045227,0.8208954930305481,0.4392623007297516
36,0.8525640964508057,0.3745759427547455,0.8134328126907349,0.4448549449443817
37,0.8611111044883728,0.3487316370010376,0.8208954930305481,0.4194926917552948
38,0.8696581125259399,0.3531891405582428,0.8208954930305481,0.42755481600761414
39,0.8525640964508057,0.345471054315567,0.8208954930305481,0.4149929881095886
40,0.8525640964508057,0.3512454032897949,0.8208954930305481,0.4536498486995697
41,0.8653846383094788,0.3353339433670044,0.8134328126907349,0.4416385889053345
42,0.8782051205635071,0.3288276195526123,0.8283582329750061,0.41339197754859924
43,0.8782051205635071,0.30869293212890625,0.8208954930305481,0.39822760224342346
44,0.8568376302719116,0.33480289578437805,0.6492537260055542,0.6353241205215454
45,0.8696581125259399,0.3323998749256134,0.8283582329750061,0.38343489170074463
46,0.8782051205635071,0.32045650482177734,0.8432835936546326,0.38761040568351746
47,0.8867521286010742,0.30669623613357544,0.7910447716712952,0.4560495913028717
48,0.8739316463470459,0.32380411028862,0.8805969953536987,0.3654381334781647
49,0.8760683536529541,0.31465354561805725,0.8134328126907349,0.4025002121925354
50,0.8867521286010742,0.29935407638549805,0.8805969953536987,0.3181176781654358
51,0.8952991366386414,0.27545854449272156,0.7835820913314819,0.45193907618522644
52,0.8888888955116272,0.30017438530921936,0.7985074520111084,0.4512430429458618
53,0.8632478713989258,0.33058977127075195,0.858208954334259,0.35560497641563416
54,0.8995726704597473,0.2807891070842743,0.8059701323509216,0.3954610526561737
55,0.8974359035491943,0.2578543722629547,0.858208954334259,0.3484025299549103
56,0.8803418874740601,0.3043893277645111,0.8432835936546326,0.35025355219841003
57,0.8995726704597473,0.284590482711792,0.8208954930305481,0.3972669839859009
58,0.9081196784973145,0.2611676752567291,0.8283582329750061,0.3768366277217865
59,0.882478654384613,0.2830049693584442,0.858208954334259,0.36522018909454346
60,0.9017093777656555,0.2714705765247345,0.8134328126907349,0.39438140392303467
61,0.8910256624221802,0.28349539637565613,0.8358209133148193,0.37515273690223694
62,0.9145299196243286,0.24583150446414948,0.8208954930305481,0.36966264247894287
63,0.9059829115867615,0.26567867398262024,0.8134328126907349,0.35223227739334106
64,0.8952991366386414,0.2822953164577484,0.8358209133148193,0.36293676495552063
65,0.8995726704597473,0.2706734538078308,0.8358209133148193,0.3851936459541321
