epoch,categorical_accuracy,loss,val_categorical_accuracy,val_loss
0,0.3390313386917114,1.1706265211105347,0.44999998807907104,1.0629974603652954
1,0.40740740299224854,1.0818114280700684,0.4350000023841858,1.0462795495986938
2,0.4159544110298157,1.0495115518569946,0.5,1.018433690071106
3,0.46581196784973145,1.0345567464828491,0.4000000059604645,1.0238592624664307
4,0.4829059839248657,1.0026921033859253,0.5450000166893005,0.9414303302764893
5,0.5242165327072144,0.9578669667243958,0.6349999904632568,0.9292449951171875
6,0.5113959908485413,0.9509212970733643,0.6600000262260437,0.8593771457672119
7,0.5883190631866455,0.8808470368385315,0.699999988079071,0.799629271030426
8,0.6125355958938599,0.8360480070114136,0.6499999761581421,0.7808247208595276
9,0.6424501538276672,0.8137934803962708,0.7049999833106995,0.7210716009140015
10,0.6766381859779358,0.7553480267524719,0.6650000214576721,0.748902440071106
11,0.6780626773834229,0.7462632060050964,0.7250000238418579,0.646319568157196
12,0.6623931527137756,0.7442739009857178,0.7149999737739563,0.7096177935600281
13,0.7250712513923645,0.6827642321586609,0.7900000214576721,0.620141863822937
14,0.7435897588729858,0.6435971260070801,0.7149999737739563,0.6263898611068726
15,0.7407407164573669,0.6223509907722473,0.8199999928474426,0.5442599058151245
16,0.7806267738342285,0.5888320803642273,0.8100000023841858,0.48799827694892883
17,0.7706552743911743,0.5693073272705078,0.824999988079071,0.48669353127479553
18,0.8062677979469299,0.5260536670684814,0.8199999928474426,0.5219880938529968
19,0.7948718070983887,0.5175557136535645,0.8050000071525574,0.5016811490058899
20,0.8034188151359558,0.5139368772506714,0.7649999856948853,0.5283141732215881
21,0.8219373226165771,0.459421306848526,0.8849999904632568,0.3864774703979492
22,0.8490028381347656,0.4408687949180603,0.800000011920929,0.4778174161911011
23,0.8447293639183044,0.4300549626350403,0.8899999856948853,0.4151853621006012
24,0.8632478713989258,0.4011772871017456,0.8899999856948853,0.34533610939979553
25,0.8632478713989258,0.401042103767395,0.8399999737739563,0.44602516293525696
26,0.8447293639183044,0.401490181684494,0.8899999856948853,0.36625197529792786
27,0.8547008633613586,0.38513532280921936,0.8999999761581421,0.36431753635406494
28,0.8888888955116272,0.3381148874759674,0.8899999856948853,0.3358578383922577
29,0.8774929046630859,0.3526795208454132,0.8799999952316284,0.3603481352329254
30,0.8903133869171143,0.33419543504714966,0.8500000238418579,0.36611735820770264
31,0.8917378783226013,0.31395095586776733,0.8999999761581421,0.34037452936172485
32,0.8974359035491943,0.3236483037471771,0.9150000214576721,0.3191136419773102
33,0.8960114121437073,0.3185129463672638,0.8999999761581421,0.3383023142814636
34,0.9045584201812744,0.30601343512535095,0.8999999761581421,0.3379589319229126
35,0.9017093777656555,0.3068773150444031,0.8700000047683716,0.329511821269989
36,0.9145299196243286,0.2979125678539276,0.9150000214576721,0.3261507451534271
37,0.9074074029922485,0.29700762033462524,0.8999999761581421,0.3208913505077362
38,0.9145299196243286,0.29835939407348633,0.8999999761581421,0.3305422067642212
39,0.9131054282188416,0.3004922866821289,0.9049999713897705,0.3146902024745941
40,0.9230769276618958,0.285388320684433,0.9049999713897705,0.3261004686355591
41,0.9188033938407898,0.2921771705150604,0.9150000214576721,0.32080280780792236
42,0.9102563858032227,0.2967701554298401,0.9100000262260437,0.3172500729560852
43,0.9216524362564087,0.28705665469169617,0.9300000071525574,0.28047704696655273
44,0.9230769276618958,0.2895718514919281,0.9150000214576721,0.31915217638015747
45,0.9358974099159241,0.27209919691085815,0.9049999713897705,0.312603235244751
46,0.9159544110298157,0.29002875089645386,0.9100000262260437,0.33935216069221497
47,0.9173789024353027,0.2774336338043213,0.9100000262260437,0.3286932110786438
48,0.9102563858032227,0.29331496357917786,0.9100000262260437,0.2758422791957855
49,0.9145299196243286,0.2810336947441101,0.9150000214576721,0.3464523255825043
50,0.9116809368133545,0.29263952374458313,0.9100000262260437,0.2897303104400635
51,0.9145299196243286,0.2835049033164978,0.9100000262260437,0.3293249011039734
52,0.9102563858032227,0.2912781536579132,0.8849999904632568,0.3400368392467499
53,0.934472918510437,0.2740345299243927,0.9200000166893005,0.31666529178619385
54,0.9088318943977356,0.2931152284145355,0.9100000262260437,0.30094632506370544
55,0.9131054282188416,0.27793124318122864,0.9100000262260437,0.31512773036956787
56,0.9202279448509216,0.2855929732322693,0.9100000262260437,0.3221381902694702
57,0.9188033938407898,0.2844094932079315,0.925000011920929,0.2985639274120331
58,0.9173789024353027,0.2887400984764099,0.8799999952316284,0.3581748902797699
59,0.9259259104728699,0.2725728452205658,0.9100000262260437,0.31900325417518616
60,0.9202279448509216,0.2800293266773224,0.9300000071525574,0.3085523247718811
61,0.9159544110298157,0.2870669960975647,0.8949999809265137,0.32478225231170654
62,0.9159544110298157,0.2838994562625885,0.9300000071525574,0.2858644425868988
63,0.9131054282188416,0.28692689538002014,0.8899999856948853,0.3378649950027466
