epoch,categorical_accuracy,loss,val_categorical_accuracy,val_loss
0,0.5790598392486572,0.6715165972709656,0.7835820913314819,0.5686691999435425
1,0.7307692170143127,0.5410443544387817,0.4776119291782379,0.7010233998298645
2,0.745726466178894,0.504513144493103,0.8208954930305481,0.469998836517334
3,0.7948718070983887,0.4557008147239685,0.8208954930305481,0.44166433811187744
4,0.7905982732772827,0.434195339679718,0.8059701323509216,0.4202561676502228
5,0.8034188151359558,0.43201109766960144,0.8656716346740723,0.428127646446228
6,0.8055555820465088,0.42087581753730774,0.7985074520111084,0.4884965717792511
7,0.8376068472862244,0.37034085392951965,0.858208954334259,0.41178104281425476
8,0.8376068472862244,0.37737542390823364,0.8507462739944458,0.3322397768497467
9,0.8440170884132385,0.3759441077709198,0.89552241563797,0.3674340844154358
10,0.8440170884132385,0.34534740447998047,0.89552241563797,0.36825814843177795
11,0.8504273295402527,0.3563024401664734,0.753731369972229,0.44040927290916443
12,0.8760683536529541,0.294185996055603,0.8731343150138855,0.37078243494033813
13,0.8632478713989258,0.30232954025268555,0.8283582329750061,0.372400164604187
14,0.8803418874740601,0.2992136478424072,0.9253731369972229,0.2923316955566406
15,0.8717948794364929,0.28933611512184143,0.8358209133148193,0.3388679623603821
16,0.8846153616905212,0.27635645866394043,0.8731343150138855,0.37873026728630066
17,0.8803418874740601,0.28124290704727173,0.9104477763175964,0.3030710220336914
18,0.8931623697280884,0.2408171445131302,0.8805969953536987,0.33452555537223816
19,0.8931623697280884,0.2500762343406677,0.7985074520111084,0.34581926465034485
20,0.8974359035491943,0.25421833992004395,0.9328358173370361,0.24436475336551666
21,0.8931623697280884,0.23612654209136963,0.8283582329750061,0.35118356347084045
22,0.9017093777656555,0.24473965167999268,0.8134328126907349,0.36307793855667114
23,0.9081196784973145,0.23147329688072205,0.9179104566574097,0.25936159491539
24,0.9145299196243286,0.21596097946166992,0.8656716346740723,0.339040607213974
25,0.9059829115867615,0.23168738186359406,0.9029850959777832,0.2643468677997589
26,0.9188033938407898,0.21643036603927612,0.9029850959777832,0.30079585313796997
27,0.9230769276618958,0.2118518054485321,0.888059675693512,0.2947947382926941
28,0.9294871687889099,0.19531916081905365,0.9029850959777832,0.26036959886550903
29,0.9166666865348816,0.21752335131168365,0.89552241563797,0.32008621096611023
30,0.9252136945724487,0.2044748216867447,0.89552241563797,0.2919931709766388
31,0.9123931527137756,0.21275249123573303,0.9104477763175964,0.2944711446762085
32,0.9252136945724487,0.20234660804271698,0.9104477763175964,0.2834392189979553
33,0.9252136945724487,0.2072027176618576,0.9104477763175964,0.2855873107910156
34,0.9145299196243286,0.22203302383422852,0.9029850959777832,0.3049977421760559
35,0.9316239356994629,0.19513782858848572,0.9179104566574097,0.2637135088443756
