epoch,categorical_accuracy,loss,val_categorical_accuracy,val_loss
0,0.5448718070983887,0.6905884146690369,0.5597015023231506,0.6725159287452698
1,0.6153846383094788,0.6619853973388672,0.753731369972229,0.626410961151123
2,0.6752136945724487,0.6235430240631104,0.5373134613037109,0.6356775164604187
3,0.745726466178894,0.5769943594932556,0.8358209133148193,0.5608469843864441
4,0.7649572491645813,0.5290991067886353,0.8432835936546326,0.5118586421012878
5,0.8034188151359558,0.4919689893722534,0.8656716346740723,0.4870946407318115
6,0.80982905626297,0.4730735719203949,0.7761194109916687,0.5139577388763428
7,0.8226495981216431,0.43621447682380676,0.8283582329750061,0.4755229353904724
8,0.8226495981216431,0.4308125972747803,0.9104477763175964,0.3880287706851959
9,0.8162392973899841,0.4304821193218231,0.7835820913314819,0.4679093658924103
10,0.811965823173523,0.4083709120750427,0.8432835936546326,0.3844808042049408
11,0.8376068472862244,0.3982606530189514,0.7910447716712952,0.4354747235774994
12,0.8311966061592102,0.3933292329311371,0.8731343150138855,0.4058676064014435
13,0.8376068472862244,0.3824526369571686,0.888059675693512,0.36959460377693176
14,0.8461538553237915,0.371250718832016,0.8656716346740723,0.43675073981285095
15,0.8247863054275513,0.3871351182460785,0.8731343150138855,0.39313265681266785
16,0.8290598392486572,0.3784719705581665,0.888059675693512,0.3562353551387787
17,0.8397436141967773,0.3634963631629944,0.8059701323509216,0.4684792757034302
18,0.8333333134651184,0.38428395986557007,0.7164179086685181,0.467328280210495
19,0.8397436141967773,0.35515689849853516,0.8656716346740723,0.3782709836959839
20,0.867521345615387,0.3441524803638458,0.89552241563797,0.3304764926433563
21,0.8611111044883728,0.34199032187461853,0.888059675693512,0.3423435389995575
22,0.8717948794364929,0.33293741941452026,0.89552241563797,0.33131328225135803
23,0.8611111044883728,0.3370990455150604,0.7910447716712952,0.4516725242137909
24,0.8632478713989258,0.3354737162590027,0.888059675693512,0.34648916125297546
25,0.8547008633613586,0.3334850072860718,0.8656716346740723,0.3630342185497284
26,0.8867521286010742,0.322909414768219,0.888059675693512,0.3499270975589752
27,0.8760683536529541,0.32245180010795593,0.888059675693512,0.322169691324234
28,0.8803418874740601,0.32338055968284607,0.8731343150138855,0.3572087287902832
29,0.8760683536529541,0.329103022813797,0.8731343150138855,0.3647307753562927
30,0.8782051205635071,0.30435773730278015,0.89552241563797,0.34077152609825134
31,0.8867521286010742,0.3141482174396515,0.9029850959777832,0.3308145999908447
32,0.867521345615387,0.33392533659935,0.89552241563797,0.3401119112968445
33,0.8974359035491943,0.3029547929763794,0.888059675693512,0.349931925535202
34,0.8739316463470459,0.31416088342666626,0.9104477763175964,0.3093697130680084
35,0.8717948794364929,0.3328709006309509,0.888059675693512,0.3336900472640991
36,0.8760683536529541,0.31569433212280273,0.888059675693512,0.36983075737953186
37,0.8696581125259399,0.32234930992126465,0.9029850959777832,0.32190781831741333
38,0.8888888955116272,0.31563907861709595,0.8656716346740723,0.3907861113548279
39,0.8867521286010742,0.3165082633495331,0.9104477763175964,0.3257666230201721
40,0.8910256624221802,0.31210556626319885,0.8656716346740723,0.34530526399612427
41,0.8888888955116272,0.3031012713909149,0.9104477763175964,0.3224729299545288
42,0.8611111044883728,0.33652862906455994,0.89552241563797,0.37005865573883057
43,0.8568376302719116,0.33832162618637085,0.8656716346740723,0.3579220175743103
44,0.8931623697280884,0.3068073093891144,0.8731343150138855,0.3213411867618561
45,0.8888888955116272,0.31794822216033936,0.89552241563797,0.34251439571380615
46,0.8803418874740601,0.2971925437450409,0.888059675693512,0.3503636121749878
47,0.8760683536529541,0.3284126818180084,0.89552241563797,0.3349532186985016
48,0.8760683536529541,0.3145509660243988,0.8731343150138855,0.3613094687461853
49,0.8952991366386414,0.29942595958709717,0.8731343150138855,0.32844680547714233
