epoch,categorical_accuracy,loss,val_categorical_accuracy,val_loss
0,0.6474359035491943,0.6167160272598267,0.8208954930305481,0.5303452610969543
1,0.7222222089767456,0.5395167469978333,0.8134328126907349,0.4945938289165497
2,0.7756410241127014,0.47791290283203125,0.5746268630027771,0.5897278189659119
3,0.7820512652397156,0.46754559874534607,0.7313432693481445,0.4969627559185028
4,0.7991452813148499,0.4371151328086853,0.8507462739944458,0.42604202032089233
5,0.80982905626297,0.4105148911476135,0.5820895433425903,0.611344039440155
6,0.811965823173523,0.3961310386657715,0.8507462739944458,0.4187253415584564
7,0.80982905626297,0.3951680660247803,0.9029850959777832,0.37731584906578064
8,0.8269230723381042,0.37699106335639954,0.888059675693512,0.3704436421394348
9,0.8226495981216431,0.3660839796066284,0.8208954930305481,0.45240986347198486
10,0.8611111044883728,0.345426470041275,0.8432835936546326,0.3849451541900635
11,0.8568376302719116,0.34597015380859375,0.5223880410194397,0.6720765829086304
12,0.8760683536529541,0.28672337532043457,0.8656716346740723,0.36637476086616516
13,0.8931623697280884,0.29473456740379333,0.89552241563797,0.3294305205345154
14,0.882478654384613,0.28555476665496826,0.8731343150138855,0.346305787563324
15,0.8952991366386414,0.2762528359889984,0.9029850959777832,0.3223128616809845
16,0.8931623697280884,0.2754836678504944,0.9328358173370361,0.27141687273979187
17,0.8803418874740601,0.27800431847572327,0.8731343150138855,0.3410035967826843
18,0.8995726704597473,0.2563598155975342,0.9029850959777832,0.30378273129463196
19,0.9038461446762085,0.2406063675880432,0.89552241563797,0.29569047689437866
20,0.8995726704597473,0.25270146131515503,0.9029850959777832,0.29363107681274414
21,0.9102563858032227,0.23765963315963745,0.9104477763175964,0.32976216077804565
22,0.9081196784973145,0.23746365308761597,0.9253731369972229,0.24903567135334015
23,0.9123931527137756,0.22730259597301483,0.858208954334259,0.33652329444885254
24,0.9123931527137756,0.22114570438861847,0.9253731369972229,0.2601887881755829
25,0.9209401607513428,0.20907023549079895,0.8805969953536987,0.29895052313804626
26,0.9252136945724487,0.20764300227165222,0.9029850959777832,0.2824404537677765
27,0.9188033938407898,0.2123831957578659,0.9253731369972229,0.26113271713256836
28,0.9294871687889099,0.19774529337882996,0.888059675693512,0.2899177074432373
29,0.9188033938407898,0.20017588138580322,0.9029850959777832,0.3004610240459442
30,0.9337607026100159,0.18963022530078888,0.9104477763175964,0.2705823481082916
31,0.9273504018783569,0.200365349650383,0.9104477763175964,0.27186012268066406
32,0.9230769276618958,0.20857849717140198,0.9104477763175964,0.27690601348876953
33,0.9294871687889099,0.18783652782440186,0.9104477763175964,0.2722281813621521
34,0.9358974099159241,0.19257530570030212,0.9029850959777832,0.28489917516708374
35,0.9230769276618958,0.19323718547821045,0.9104477763175964,0.2691234052181244
36,0.9337607026100159,0.18378151953220367,0.9104477763175964,0.2800613045692444
37,0.9273504018783569,0.1961410939693451,0.9029850959777832,0.26701080799102783
