epoch,categorical_accuracy,loss,val_categorical_accuracy,val_loss
0,0.3532763421535492,1.1443455219268799,0.3400000035762787,1.1457096338272095
1,0.4088318943977356,1.0779441595077515,0.6000000238418579,0.9881389141082764
2,0.4772079885005951,1.0076696872711182,0.6349999904632568,0.8910233378410339
3,0.554131031036377,0.9374444484710693,0.6399999856948853,0.8078675270080566
4,0.6082621216773987,0.871571958065033,0.5799999833106995,0.7953212857246399
5,0.6039885878562927,0.8339087963104248,0.6700000166893005,0.818695068359375
6,0.5783475637435913,0.8406571745872498,0.6399999856948853,0.7192258238792419
7,0.6139600872993469,0.7901778221130371,0.6200000047683716,0.7330791354179382
8,0.6339031457901001,0.792664110660553,0.675000011920929,0.6605761051177979
9,0.6851851940155029,0.7444734573364258,0.7149999737739563,0.7202688455581665
10,0.6766381859779358,0.7161359190940857,0.7200000286102295,0.6367753148078918
11,0.6794871687889099,0.7167304158210754,0.7450000047683716,0.6548317074775696
12,0.7207977175712585,0.6683692932128906,0.6850000023841858,0.719516396522522
13,0.7378917336463928,0.6686022877693176,0.7549999952316284,0.5768303871154785
14,0.75356125831604,0.6076725721359253,0.7699999809265137,0.5583126544952393
15,0.7549857497215271,0.611324667930603,0.7749999761581421,0.5740959048271179
16,0.7564102411270142,0.5893883109092712,0.7049999833106995,0.6072782874107361
17,0.7777777910232544,0.5660310983657837,0.7250000238418579,0.6973075866699219
18,0.807692289352417,0.5046980381011963,0.800000011920929,0.46869805455207825
19,0.7977207899093628,0.49703484773635864,0.800000011920929,0.4546283781528473
20,0.807692289352417,0.47806838154792786,0.8050000071525574,0.5034835934638977
21,0.807692289352417,0.4670591950416565,0.7549999952316284,0.5143486261367798
22,0.8447293639183044,0.4320138692855835,0.800000011920929,0.4532148241996765
23,0.8390313386917114,0.4291137158870697,0.824999988079071,0.3941733241081238
24,0.8547008633613586,0.4174632430076599,0.8149999976158142,0.41260460019111633
25,0.8589743375778198,0.4079147279262543,0.7900000214576721,0.47561967372894287
26,0.8433048725128174,0.414581298828125,0.8349999785423279,0.459649920463562
27,0.8860399127006531,0.3456098437309265,0.8349999785423279,0.3527093827724457
28,0.87321937084198,0.3568041920661926,0.8650000095367432,0.39959433674812317
29,0.8917378783226013,0.3427128493785858,0.8799999952316284,0.33125150203704834
30,0.8817663788795471,0.34051910042762756,0.8600000143051147,0.35671889781951904
31,0.8846153616905212,0.33046677708625793,0.875,0.3371758759021759
32,0.8888888955116272,0.31977927684783936,0.8500000238418579,0.3846362829208374
33,0.8774929046630859,0.31823059916496277,0.8849999904632568,0.35297366976737976
34,0.9159544110298157,0.28934377431869507,0.8799999952316284,0.32022079825401306
35,0.8945869207382202,0.3071851432323456,0.8899999856948853,0.33188557624816895
36,0.9059829115867615,0.28787365555763245,0.9049999713897705,0.304953396320343
37,0.8960114121437073,0.28941041231155396,0.9300000071525574,0.31748518347740173
38,0.8988603949546814,0.2956353724002838,0.8899999856948853,0.29842302203178406
39,0.9131054282188416,0.27460089325904846,0.9049999713897705,0.3173564076423645
40,0.8945869207382202,0.2863383889198303,0.925000011920929,0.2913551330566406
41,0.9102563858032227,0.27394381165504456,0.9300000071525574,0.3005330264568329
42,0.9031339287757874,0.2745981216430664,0.8999999761581421,0.2977404296398163
43,0.8974359035491943,0.28574809432029724,0.9150000214576721,0.2988472282886505
44,0.9102563858032227,0.27140533924102783,0.8899999856948853,0.3101183772087097
45,0.9131054282188416,0.25129419565200806,0.9100000262260437,0.29319390654563904
46,0.9173789024353027,0.2616802155971527,0.925000011920929,0.27855172753334045
47,0.9059829115867615,0.2670302391052246,0.8999999761581421,0.32074692845344543
48,0.9059829115867615,0.26032108068466187,0.8999999761581421,0.27580294013023376
49,0.9145299196243286,0.2663406431674957,0.9300000071525574,0.282734751701355
50,0.9188033938407898,0.24687956273555756,0.9100000262260437,0.2994331419467926
51,0.9017093777656555,0.26528623700141907,0.9300000071525574,0.2665524482727051
52,0.9188033938407898,0.2540145218372345,0.9150000214576721,0.22816288471221924
53,0.9245014190673828,0.25003668665885925,0.8799999952316284,0.3312680721282959
54,0.9116809368133545,0.2529942989349365,0.8999999761581421,0.27785202860832214
55,0.9173789024353027,0.26657167077064514,0.9100000262260437,0.29646000266075134
56,0.9245014190673828,0.23649422824382782,0.9200000166893005,0.2540661692619324
57,0.9230769276618958,0.2383134812116623,0.9100000262260437,0.2933976650238037
58,0.93304842710495,0.2463049590587616,0.9100000262260437,0.278116375207901
59,0.9259259104728699,0.24449007213115692,0.9350000023841858,0.21168455481529236
60,0.9259259104728699,0.24276486039161682,0.9049999713897705,0.29870790243148804
61,0.9273504018783569,0.23750191926956177,0.9150000214576721,0.29422450065612793
62,0.9273504018783569,0.23569627106189728,0.9049999713897705,0.27680879831314087
63,0.9259259104728699,0.23698793351650238,0.9200000166893005,0.2819696068763733
64,0.9216524362564087,0.24832862615585327,0.9049999713897705,0.27517184615135193
65,0.9173789024353027,0.2446928769350052,0.949999988079071,0.19633251428604126
66,0.9373219609260559,0.22617179155349731,0.9049999713897705,0.31302598118782043
67,0.9287749528884888,0.24316325783729553,0.9200000166893005,0.21411287784576416
68,0.9287749528884888,0.24747073650360107,0.8999999761581421,0.3341207504272461
69,0.9273504018783569,0.24067863821983337,0.8999999761581421,0.2948518693447113
70,0.9358974099159241,0.2251090407371521,0.9200000166893005,0.2611630856990814
71,0.9216524362564087,0.24348749220371246,0.9399999976158142,0.21077080070972443
72,0.9273504018783569,0.23435622453689575,0.8999999761581421,0.29085153341293335
73,0.9216524362564087,0.2440345138311386,0.8999999761581421,0.3003661632537842
74,0.9259259104728699,0.25282740592956543,0.9200000166893005,0.2586667537689209
75,0.9202279448509216,0.24099311232566833,0.9350000023841858,0.2431349754333496
76,0.9316239356994629,0.22812192142009735,0.9100000262260437,0.26913613080978394
77,0.9287749528884888,0.25080418586730957,0.8949999809265137,0.29675543308258057
78,0.9259259104728699,0.22742959856987,0.925000011920929,0.2539133131504059
79,0.9301994442939758,0.2440209686756134,0.925000011920929,0.25174209475517273
80,0.9373219609260559,0.21330441534519196,0.9100000262260437,0.2853544354438782
