epoch,categorical_accuracy,loss,val_categorical_accuracy,val_loss
0,0.36752137541770935,1.1256086826324463,0.574999988079071,1.0548704862594604
1,0.42592594027519226,1.0499879121780396,0.5849999785423279,0.9588717818260193
2,0.5142450332641602,0.9822192788124084,0.6200000047683716,0.8880448937416077
3,0.5982906222343445,0.9030754566192627,0.6899999976158142,0.8258320689201355
4,0.5868945717811584,0.8700935244560242,0.5199999809265137,0.8679128289222717
5,0.6424501538276672,0.8246236443519592,0.6050000190734863,0.7787183523178101
6,0.6168091297149658,0.8140709400177002,0.6399999856948853,0.8042072057723999
7,0.6410256624221802,0.7711883187294006,0.6650000214576721,0.7694331407546997
8,0.6467236280441284,0.765853226184845,0.7699999809265137,0.6795875430107117
9,0.6581196784973145,0.7507092356681824,0.7200000286102295,0.6869502067565918
10,0.68660968542099,0.7110780477523804,0.7200000286102295,0.6919566988945007
11,0.6737892031669617,0.7216707468032837,0.7250000238418579,0.6398451924324036
12,0.690883219242096,0.6981227397918701,0.7649999856948853,0.6423230767250061
13,0.6837607026100159,0.6861749291419983,0.75,0.6329401135444641
14,0.7321937084197998,0.6528112888336182,0.7300000190734863,0.6099205017089844
15,0.7136752009391785,0.647692084312439,0.699999988079071,0.7084726691246033
16,0.7122507095336914,0.635651707649231,0.800000011920929,0.5569979548454285
17,0.7393162250518799,0.6251932978630066,0.7699999809265137,0.5758510231971741
18,0.7678062915802002,0.5702623724937439,0.8050000071525574,0.5517359972000122
19,0.7592592835426331,0.5939946174621582,0.8050000071525574,0.5146664381027222
20,0.7720797657966614,0.5655156970024109,0.7300000190734863,0.5987734198570251
21,0.7720797657966614,0.5522341132164001,0.8500000238418579,0.473005473613739
22,0.8034188151359558,0.5245434641838074,0.7950000166893005,0.514585018157959
23,0.8105413317680359,0.5017257332801819,0.7950000166893005,0.5356191992759705
24,0.8247863054275513,0.5045458674430847,0.7950000166893005,0.4848635792732239
25,0.8219373226165771,0.4592882990837097,0.8450000286102295,0.44890591502189636
26,0.8304843306541443,0.43847543001174927,0.8199999928474426,0.49967217445373535
27,0.8404558300971985,0.4369907081127167,0.9100000262260437,0.3585699498653412
28,0.8461538553237915,0.4284875690937042,0.7799999713897705,0.5053718090057373
29,0.8703703880310059,0.39090651273727417,0.8100000023841858,0.4504649341106415
30,0.8504273295402527,0.41125136613845825,0.824999988079071,0.4242624044418335
31,0.8717948794364929,0.3837120234966278,0.8500000238418579,0.41033944487571716
32,0.8603988885879517,0.3807104825973511,0.9100000262260437,0.3984851539134979
33,0.8660968542098999,0.37216004729270935,0.8899999856948853,0.3725310266017914
34,0.8817663788795471,0.36471205949783325,0.8849999904632568,0.4414972960948944
35,0.8831908702850342,0.35235631465911865,0.8849999904632568,0.34324562549591064
36,0.8817663788795471,0.3554244637489319,0.9300000071525574,0.34420040249824524
37,0.8817663788795471,0.3523305058479309,0.8650000095367432,0.4056333601474762
38,0.8874644041061401,0.3563508987426758,0.9200000166893005,0.35007014870643616
39,0.9002848863601685,0.3218045234680176,0.8899999856948853,0.39852383732795715
40,0.8860399127006531,0.3472086489200592,0.9150000214576721,0.33440807461738586
41,0.8874644041061401,0.3464471697807312,0.8849999904632568,0.4195603132247925
42,0.8817663788795471,0.3438512682914734,0.9100000262260437,0.3302417993545532
43,0.8846153616905212,0.3334108591079712,0.9049999713897705,0.40993502736091614
44,0.8774929046630859,0.35541224479675293,0.8899999856948853,0.38555482029914856
45,0.9002848863601685,0.32432472705841064,0.925000011920929,0.3432118594646454
46,0.8974359035491943,0.33648422360420227,0.8999999761581421,0.37250953912734985
47,0.8846153616905212,0.33952808380126953,0.8849999904632568,0.39216795563697815
48,0.9017093777656555,0.32318371534347534,0.9350000023841858,0.32760897278785706
49,0.9045584201812744,0.3097422122955322,0.8899999856948853,0.42025643587112427
50,0.8803418874740601,0.34607410430908203,0.9150000214576721,0.3370707035064697
51,0.8931623697280884,0.32259446382522583,0.9150000214576721,0.34796059131622314
52,0.9145299196243286,0.3049457371234894,0.9100000262260437,0.37710559368133545
53,0.8874644041061401,0.3393067717552185,0.925000011920929,0.32576653361320496
54,0.9031339287757874,0.3116130530834198,0.9049999713897705,0.404908686876297
55,0.9002848863601685,0.3189969062805176,0.9150000214576721,0.35857677459716797
56,0.8945869207382202,0.332071989774704,0.8999999761581421,0.3912520706653595
57,0.9002848863601685,0.3136577904224396,0.9150000214576721,0.35379114747047424
58,0.9002848863601685,0.3165683150291443,0.925000011920929,0.3355522155761719
59,0.9045584201812744,0.32538938522338867,0.9150000214576721,0.33540770411491394
60,0.9102563858032227,0.3211304843425751,0.9350000023841858,0.3431408405303955
61,0.8917378783226013,0.33630165457725525,0.8999999761581421,0.3810220956802368
62,0.9173789024353027,0.30750057101249695,0.9049999713897705,0.38819801807403564
63,0.8974359035491943,0.3233605623245239,0.9150000214576721,0.3512769341468811
64,0.9045584201812744,0.313550740480423,0.925000011920929,0.3303873836994171
65,0.8831908702850342,0.3501434624195099,0.9049999713897705,0.3904319703578949
66,0.8988603949546814,0.3075614869594574,0.9350000023841858,0.3163045644760132
67,0.8988603949546814,0.3243362605571747,0.9049999713897705,0.3896768093109131
68,0.8917378783226013,0.33075276017189026,0.9150000214576721,0.37209728360176086
69,0.9102563858032227,0.3109017312526703,0.9100000262260437,0.3807603418827057
70,0.9045584201812744,0.3070440888404846,0.925000011920929,0.2945407032966614
71,0.8860399127006531,0.349379301071167,0.8949999809265137,0.4252695143222809
72,0.8988603949546814,0.32387062907218933,0.9449999928474426,0.30471500754356384
73,0.9045584201812744,0.30434945225715637,0.9049999713897705,0.38951578736305237
74,0.8903133869171143,0.327747106552124,0.9100000262260437,0.3746260702610016
75,0.9002848863601685,0.3244825303554535,0.9150000214576721,0.3426035940647125
76,0.9017093777656555,0.3200955390930176,0.9100000262260437,0.38009312748908997
77,0.9002848863601685,0.31640273332595825,0.9200000166893005,0.3495901823043823
78,0.8888888955116272,0.33128058910369873,0.9150000214576721,0.3516826927661896
79,0.9045584201812744,0.3158585727214813,0.9100000262260437,0.37316998839378357
80,0.8974359035491943,0.3274417519569397,0.925000011920929,0.34649336338043213
81,0.8917378783226013,0.3413147032260895,0.9100000262260437,0.35018405318260193
82,0.9074074029922485,0.3054227828979492,0.9049999713897705,0.38195082545280457
83,0.8860399127006531,0.34732890129089355,0.9200000166893005,0.3544143736362457
84,0.8931623697280884,0.33736279606819153,0.9100000262260437,0.37948256731033325
85,0.9074074029922485,0.3016400933265686,0.9200000166893005,0.35044360160827637
