epoch,categorical_accuracy,loss,val_categorical_accuracy,val_loss
0,1.0,0.41482487320899963,1.0,0.25640493631362915
1,1.0,0.2457396686077118,1.0,0.13396215438842773
2,1.0,0.1906501203775406,1.0,0.1427108198404312
3,1.0,0.15732434391975403,1.0,0.1482199877500534
4,1.0,0.1521931290626526,1.0,0.1647651642560959
5,1.0,0.1488434374332428,1.0,0.15185831487178802
6,1.0,0.14170080423355103,1.0,0.1081310361623764
7,1.0,0.13153666257858276,1.0,0.1699512004852295
8,1.0,0.1303870677947998,1.0,0.13680130243301392
9,1.0,0.11882003396749496,1.0,0.13629883527755737
10,1.0,0.12841954827308655,1.0,0.10766496509313583
11,1.0,0.1108674481511116,1.0,0.14290955662727356
12,1.0,0.10834722965955734,1.0,0.11519939452409744
13,1.0,0.10388387739658356,1.0,0.12963595986366272
14,1.0,0.09898238629102707,1.0,0.11700356751680374
15,1.0,0.08638007938861847,1.0,0.0915084183216095
16,1.0,0.08622222393751144,1.0,0.09910213947296143
17,1.0,0.07883188128471375,1.0,0.1741463541984558
18,1.0,0.07485455274581909,1.0,0.08617083728313446
19,1.0,0.06696952879428864,1.0,0.08664187788963318
20,1.0,0.06686418503522873,1.0,0.08381839841604233
21,1.0,0.06256310641765594,1.0,0.06587573885917664
22,1.0,0.06753698736429214,1.0,0.08792593330144882
23,1.0,0.050739362835884094,1.0,0.09164915978908539
24,1.0,0.04563411325216293,1.0,0.055420223623514175
25,1.0,0.04320397973060608,1.0,0.07044718414545059
26,1.0,0.037111878395080566,1.0,0.06534923613071442
27,1.0,0.04202364757657051,1.0,0.054564908146858215
28,1.0,0.035249873995780945,1.0,0.09775914996862411
29,1.0,0.027755511924624443,1.0,0.04930875450372696
30,1.0,0.028315844014286995,1.0,0.041973717510700226
31,1.0,0.03237592428922653,1.0,0.08231032639741898
32,1.0,0.027170896530151367,1.0,0.05153968930244446
33,1.0,0.022238334640860558,1.0,0.08727509528398514
34,1.0,0.024036597460508347,1.0,0.046752382069826126
35,1.0,0.024173418059945107,1.0,0.06574694812297821
36,1.0,0.013700032606720924,1.0,0.0436079315841198
37,1.0,0.012212776578962803,1.0,0.030691538006067276
38,1.0,0.009002430364489555,1.0,0.04111754521727562
39,1.0,0.008960477076470852,1.0,0.03672771900892258
40,1.0,0.00860551092773676,1.0,0.02935541234910488
41,1.0,0.00826550368219614,1.0,0.02818419598042965
42,1.0,0.0075982436537742615,1.0,0.03868716582655907
43,1.0,0.007752742152661085,1.0,0.04514351859688759
44,1.0,0.007376182358711958,1.0,0.03475860506296158
45,1.0,0.008558065630495548,1.0,0.0342416875064373
46,1.0,0.006189958658069372,1.0,0.04755965620279312
47,1.0,0.005465512629598379,1.0,0.02521624229848385
48,1.0,0.0030864279251545668,1.0,0.028828058391809464
49,1.0,0.003544001607224345,1.0,0.03552968427538872
50,1.0,0.003910223487764597,1.0,0.030011070892214775
51,1.0,0.003545136423781514,1.0,0.03786078840494156
52,1.0,0.003277480136603117,1.0,0.025671306997537613
53,1.0,0.003297674935311079,1.0,0.019150150939822197
54,1.0,0.0023644028697162867,1.0,0.027968622744083405
55,1.0,0.0025931138079613447,1.0,0.0389009565114975
56,1.0,0.0024236105382442474,1.0,0.022270817309617996
57,1.0,0.0022625818382948637,1.0,0.03787636011838913
58,1.0,0.0023999055847525597,1.0,0.029676562175154686
59,1.0,0.0019856987055391073,1.0,0.028066376224160194
60,1.0,0.0016635401407256722,1.0,0.025771034881472588
61,1.0,0.0018527995562180877,1.0,0.030186720192432404
62,1.0,0.002083125291392207,1.0,0.03693244233727455
63,1.0,0.0019865543581545353,1.0,0.029035890474915504
64,1.0,0.0017768209800124168,1.0,0.03473808243870735
65,1.0,0.0018296876223757863,1.0,0.028879594057798386
66,1.0,0.0017411761218681931,1.0,0.03032858669757843
67,1.0,0.0019361304584890604,1.0,0.03285291790962219
68,1.0,0.001641137758269906,1.0,0.029740499332547188
69,1.0,0.0016378305153921247,1.0,0.03644685447216034
70,1.0,0.0016151107847690582,1.0,0.024510614573955536
71,1.0,0.0017322128405794501,1.0,0.03446146100759506
72,1.0,0.0015911912778392434,1.0,0.032512810081243515
73,1.0,0.0017458393704146147,1.0,0.026087686419487
