epoch,categorical_accuracy,loss,val_categorical_accuracy,val_loss
0,0.36752137541770935,1.2067610025405884,0.4050000011920929,1.0566551685333252
1,0.4572649598121643,1.028476595878601,0.4950000047683716,0.9461442828178406
2,0.5498575568199158,0.9551406502723694,0.5350000262260437,0.9177793860435486
3,0.5769230723381042,0.9086474776268005,0.5849999785423279,0.8714652061462402
4,0.6410256624221802,0.8062567710876465,0.675000011920929,0.7299404740333557
5,0.7037037014961243,0.7100435495376587,0.7649999856948853,0.6396254897117615
6,0.7250712513923645,0.6512730121612549,0.800000011920929,0.5749511122703552
7,0.7720797657966614,0.5858495831489563,0.800000011920929,0.5010375380516052
8,0.8319088220596313,0.48312029242515564,0.8299999833106995,0.4643274247646332
9,0.8547008633613586,0.441276490688324,0.8050000071525574,0.491219162940979
10,0.8603988885879517,0.4102966785430908,0.8199999928474426,0.420693576335907
11,0.8774929046630859,0.33909735083580017,0.9049999713897705,0.3462074398994446
12,0.9017093777656555,0.29940158128738403,0.8199999928474426,0.5161857604980469
13,0.9045584201812744,0.2906021475791931,0.7749999761581421,0.5678113698959351
14,0.9216524362564087,0.23001648485660553,0.9200000166893005,0.23263254761695862
15,0.9373219609260559,0.19496126472949982,0.9100000262260437,0.28118693828582764
16,0.9501424431800842,0.17826072871685028,0.9200000166893005,0.22938749194145203
17,0.9415954351425171,0.17575404047966003,0.8700000047683716,0.3078133463859558
18,0.9501424431800842,0.1652865707874298,0.9200000166893005,0.2736434042453766
19,0.9586894512176514,0.14751271903514862,0.9200000166893005,0.265794038772583
20,0.9729344844818115,0.09695657342672348,0.9100000262260437,0.24670080840587616
21,0.9800570011138916,0.08638113737106323,0.9350000023841858,0.18849316239356995
22,0.9871794581413269,0.07395028322935104,0.9350000023841858,0.20282945036888123
23,0.9772079586982727,0.07694455981254578,0.9300000071525574,0.2518281638622284
24,0.9786324501037598,0.06913362443447113,0.9100000262260437,0.2378787249326706
25,0.9900285005569458,0.047676995396614075,0.949999988079071,0.15639916062355042
26,0.994301974773407,0.04498089849948883,0.925000011920929,0.24796146154403687
27,0.9857549667358398,0.05480906367301941,0.9700000286102295,0.08969473093748093
28,0.9914529919624329,0.04698895663022995,0.9200000166893005,0.25765109062194824
29,0.9886040091514587,0.05328786000609398,0.9350000023841858,0.1627604365348816
30,0.9886040091514587,0.03893203288316727,0.9150000214576721,0.25791192054748535
31,0.9928774833679199,0.04072381556034088,0.9549999833106995,0.15159350633621216
32,0.9886040091514587,0.039631426334381104,0.9449999928474426,0.15906266868114471
33,0.994301974773407,0.035505261272192,0.9150000214576721,0.24438928067684174
34,0.9971510171890259,0.02433962933719158,0.9300000071525574,0.20215776562690735
35,0.9928774833679199,0.026946116238832474,0.9350000023841858,0.23339134454727173
36,0.995726466178894,0.027959704399108887,0.9449999928474426,0.17973220348358154
37,0.994301974773407,0.029830370098352432,0.9300000071525574,0.24249239265918732
38,0.994301974773407,0.030457425862550735,0.9549999833106995,0.1680581122636795
39,0.994301974773407,0.02608143351972103,0.9350000023841858,0.2054012417793274
40,0.9914529919624329,0.03117138333618641,0.9300000071525574,0.21892976760864258
41,0.9971510171890259,0.021807808429002762,0.9350000023841858,0.21947123110294342
42,0.995726466178894,0.025907695293426514,0.9399999976158142,0.21777097880840302
