epoch,categorical_accuracy,loss,val_categorical_accuracy,val_loss
0,0.5470085740089417,0.7291816473007202,0.7611940503120422,0.6537919640541077
1,0.617521345615387,0.6730625033378601,0.5820895433425903,0.6479589343070984
2,0.632478654384613,0.6457454562187195,0.5447761416435242,0.681583046913147
3,0.7136752009391785,0.5962849259376526,0.6343283653259277,0.6126251816749573
4,0.7243589758872986,0.5625317096710205,0.8283582329750061,0.5287573337554932
5,0.7329059839248657,0.5336319208145142,0.8432835936546326,0.46939945220947266
6,0.7713675498962402,0.5095986127853394,0.8507462739944458,0.451045423746109
7,0.7991452813148499,0.4724287986755371,0.8059701323509216,0.4586349427700043
8,0.8162392973899841,0.4421598017215729,0.8432835936546326,0.42493611574172974
9,0.8205128312110901,0.42375919222831726,0.8507462739944458,0.37626782059669495
10,0.8141025900840759,0.4179381728172302,0.8656716346740723,0.3645436465740204
11,0.8504273295402527,0.37423276901245117,0.8358209133148193,0.4131854176521301
12,0.8440170884132385,0.3715645968914032,0.8805969953536987,0.3420170843601227
13,0.8803418874740601,0.3211492598056793,0.8283582329750061,0.36505967378616333
14,0.8739316463470459,0.32004305720329285,0.8432835936546326,0.3414314091205597
15,0.8632478713989258,0.3141578137874603,0.9029850959777832,0.2923174202442169
16,0.8589743375778198,0.3184123933315277,0.9104477763175964,0.2780291438102722
17,0.867521345615387,0.3092847764492035,0.89552241563797,0.2814340591430664
18,0.9017093777656555,0.2606857419013977,0.8208954930305481,0.369193434715271
19,0.8995726704597473,0.2562422752380371,0.9402984976768494,0.24223627150058746
20,0.9017093777656555,0.24370500445365906,0.8507462739944458,0.30372050404548645
21,0.9209401607513428,0.2255229353904724,0.9477611780166626,0.2503819465637207
22,0.9081196784973145,0.21622821688652039,0.8656716346740723,0.3128274381160736
23,0.9252136945724487,0.19950474798679352,0.9104477763175964,0.26671740412712097
24,0.9252136945724487,0.16954191029071808,0.9104477763175964,0.2343059480190277
25,0.9465811848640442,0.16915582120418549,0.9477611780166626,0.22554104030132294
26,0.9316239356994629,0.17004182934761047,0.9029850959777832,0.24549390375614166
27,0.9529914259910583,0.1552840918302536,0.9328358173370361,0.1987159550189972
28,0.9487179517745972,0.14393286406993866,0.8805969953536987,0.26317447423934937
29,0.942307710647583,0.15121237933635712,0.9029850959777832,0.20479583740234375
30,0.9636752009391785,0.12885268032550812,0.9328358173370361,0.22109170258045197
31,0.9594017267227173,0.1280464082956314,0.9253731369972229,0.20780159533023834
32,0.9615384340286255,0.12913690507411957,0.9328358173370361,0.2110288143157959
33,0.9572649598121643,0.1188543289899826,0.9253731369972229,0.23648332059383392
34,0.9764957427978516,0.10568881034851074,0.9477611780166626,0.19186824560165405
35,0.9658119678497314,0.10979607701301575,0.9552238583564758,0.1748034507036209
36,0.9679487347602844,0.10288750380277634,0.9552238583564758,0.20379875600337982
37,0.9658119678497314,0.11069166660308838,0.9477611780166626,0.19143709540367126
38,0.9700854420661926,0.09932582080364227,0.9402984976768494,0.2022210955619812
39,0.9658119678497314,0.1045040637254715,0.9402984976768494,0.22846491634845734
40,0.9700854420661926,0.1046697199344635,0.9477611780166626,0.16270014643669128
41,0.9743589758872986,0.09086981415748596,0.9477611780166626,0.19408047199249268
42,0.9764957427978516,0.08877290785312653,0.9253731369972229,0.2304520606994629
43,0.9786324501037598,0.08928477764129639,0.9477611780166626,0.2046402096748352
44,0.9743589758872986,0.09749219566583633,0.9701492786407471,0.160459503531456
45,0.9764957427978516,0.09173339605331421,0.9402984976768494,0.19192266464233398
46,0.9743589758872986,0.09137731045484543,0.9626865386962891,0.16001440584659576
47,0.9722222089767456,0.09840736538171768,0.9179104566574097,0.2204415649175644
48,0.9722222089767456,0.09203150868415833,0.9701492786407471,0.15056371688842773
49,0.9700854420661926,0.0929119884967804,0.9328358173370361,0.22443154454231262
50,0.9722222089767456,0.0919918417930603,0.9626865386962891,0.19209492206573486
51,0.9764957427978516,0.08384788781404495,0.9402984976768494,0.20037716627120972
52,0.9700854420661926,0.08621412515640259,0.9402984976768494,0.19184774160385132
53,0.9658119678497314,0.10427190363407135,0.9477611780166626,0.19615288078784943
54,0.9786324501037598,0.08161447197198868,0.9402984976768494,0.21758823096752167
55,0.9722222089767456,0.09246993809938431,0.9477611780166626,0.18977488577365875
56,0.9679487347602844,0.10170067846775055,0.9552238583564758,0.17733699083328247
57,0.9764957427978516,0.07568421959877014,0.9477611780166626,0.18037520349025726
58,0.9764957427978516,0.09034322947263718,0.9552238583564758,0.15168601274490356
59,0.9807692170143127,0.07860459387302399,0.9328358173370361,0.2325739711523056
60,0.9636752009391785,0.1022660881280899,0.9402984976768494,0.20279733836650848
61,0.9807692170143127,0.07740100473165512,0.9477611780166626,0.18419015407562256
62,0.9743589758872986,0.08674382418394089,0.9477611780166626,0.19215448200702667
63,0.9658119678497314,0.09663158655166626,0.9552238583564758,0.18163740634918213
