epoch,loss,val_loss
0,-0.0027058019768446684,-0.0067197843454778194
1,-0.012519506737589836,-0.0011932271299883723
2,-0.0011328000109642744,-0.0014639125438407063
3,-0.007258384954184294,-0.000999221345409751
4,-0.007313454989343882,-0.0023730318062007427
5,-0.0015746231656521559,-0.0015890474896878004
6,-0.002359459875151515,-0.0025425914209336042
7,-0.0015743852127343416,-0.002970270346850157
8,-0.00524948863312602,-0.011288631707429886
9,-0.017639780417084694,-0.02114403247833252
10,-0.030986353754997253,-0.002104308921843767
11,-0.012225574813783169,-0.12626832723617554
12,-0.02282162383198738,-0.0036978404968976974
13,-0.02277418226003647,-0.012075009755790234
14,-0.040944039821624756,-0.016755368560552597
15,-0.03051721677184105,-0.03693469613790512
16,-0.029438724741339684,-0.006070489529520273
17,-0.005041453987360001,-0.006557447370141745
18,-0.006496128160506487,-0.009408173151314259
19,-0.011402585543692112,-0.01874607428908348
20,-0.05684300884604454,-0.11337779462337494
21,-0.023300951346755028,0.008247812278568745
22,-0.07983044534921646,-0.08010327816009521
23,-0.08222369849681854,-0.00453425757586956
24,-0.08911580592393875,-0.12783080339431763
25,-0.11787781864404678,-0.1031603142619133
26,-0.09754698723554611,-0.09086520224809647
27,-0.10253268480300903,-0.12967762351036072
28,-0.09974927455186844,-0.21417482197284698
29,-0.13791988790035248,-0.1332138627767563
30,-0.12213227152824402,-0.16910414397716522
31,-0.12098954617977142,-0.16549284756183624
32,-0.1192583441734314,-0.21759629249572754
33,-0.11631982773542404,-0.16233982145786285
34,-0.15546002984046936,-0.3132379651069641
35,-0.1306142657995224,-0.19382792711257935
36,-0.13279524445533752,-0.1738855093717575
37,-0.1722358614206314,-0.21438252925872803
38,-0.14726534485816956,-0.17711924016475677
39,-0.1403399556875229,-0.1630575805902481
40,-0.18894651532173157,-0.20484060049057007
41,-0.17739176750183105,-0.1959284245967865
42,-0.160843625664711,-0.21441197395324707
43,-0.13940823078155518,-0.1823931783437729
44,-0.18291111290454865,-0.22400525212287903
45,-0.1707574725151062,-0.23063459992408752
46,-0.20527897775173187,-0.3328090012073517
47,-0.200497567653656,-0.25504031777381897
48,-0.20174553990364075,-0.27944210171699524
49,-0.18505990505218506,-0.19677826762199402
50,-0.21979591250419617,-0.3364810347557068
51,-0.16443032026290894,-0.2605324685573578
52,-0.19621281325817108,-0.23596715927124023
53,-0.19027698040008545,-0.255672812461853
54,-0.2138059139251709,-0.31820958852767944
55,-0.19090189039707184,-0.3568662405014038
56,-0.1963527500629425,-0.2061251997947693
57,-0.18087317049503326,-0.27497631311416626
58,-0.21565721929073334,-0.2918922007083893
59,-0.20108897984027863,-0.30537694692611694
60,-0.18095387518405914,-0.2782157361507416
61,-0.2057781219482422,-0.34069597721099854
62,-0.16757354140281677,-0.27374041080474854
63,-0.22759175300598145,-0.3268918991088867
64,-0.18471409380435944,-0.28107985854148865
65,-0.20227791368961334,-0.23489515483379364
66,-0.22224485874176025,-0.22354091703891754
67,-0.1732817143201828,-0.22564277052879333
68,-0.19820398092269897,-0.2669888138771057
69,-0.22021934390068054,-0.3009796738624573
70,-0.249138742685318,-0.2486020028591156
71,-0.17317065596580505,-0.1648310422897339
72,-0.23868195712566376,-0.2819826304912567
73,-0.17202822864055634,-0.27043455839157104
74,-0.19095386564731598,-0.2289956659078598
75,-0.19407746195793152,-0.29192060232162476
